F = 0.5;       % m^3/s
F1 = F;
F2 = F;
F3 = 1.01;
T1 = 27 + 273;  % K
T2 = 25 + 273;  % K
V1 = 100;       % m^3
V2 = 75;        % m^3
F3_max = 1.01;  % m^3/s
T3 = 50 + 273;  % K
T4 = 37 + 273;
T0 = 305;
Tf = 500;

Kd11 = 1;
Kd21 = (T1 - T2)/F;
t1 = V1/F;

Kx12 = F/(F+F3);
t2 = V2/(F+F3);
Kd32 = F3/(F+F3);
Kd22 = (T2 - T4)/(F+F3);
Ku2 = (T3-T4)/(F+F3);

